100
2 1000000
2 1000001
2 1000002
2 1000003
2 1000004
2 1000005
2 1000006
2 1000007
2 1000008
2 1000009
2 1000010
2 1000011
2 1000012
2 1000013
2 1000014
2 1000015
2 1000016
2 1000017
2 1000018
2 1000019
2 1000020
2 1000021
2 1000022
2 1000023
2 1000024
2 1000025
2 1000026
2 1000027
2 1000028
2 1000029
2 1000030
2 1000031
2 1000032
2 1000033
2 1000034
2 1000035
2 1000036
2 1000037
2 1000038
2 1000039
2 1000040
2 1000041
2 1000042
2 1000043
2 1000044
2 1000045
2 1000046
2 1000047
2 1000048
2 1000049
2 1000050
2 1000051
2 1000052
2 1000053
2 1000054
2 1000055
2 1000056
2 1000057
2 1000058
2 1000059
2 1000060
2 1000061
2 1000062
2 1000063
2 1000064
2 1000065
2 1000066
2 1000067
2 1000068
2 1000069
2 1000070
2 1000071
2 1000072
2 1000073
2 1000074
2 1000075
2 1000076
2 1000077
2 1000078
2 1000079
2 1000080
2 1000081
2 1000082
2 1000083
2 1000084
2 1000085
2 1000086
2 1000087
2 1000088
2 1000089
2 1000090
2 1000091
2 1000092
2 1000093
2 1000094
2 1000095
2 1000096
2 1000097
2 1000098
2 1000099
